Gaussian additivity plane: err ~ b0 + b_s*T^-0.5 + b1*(sum_dt/T) + b2*(sum_kappa/T)
b0   = 0.065489
b_s  = 0.001464
b1   = 14.656279
b2   = 127.456657
R^2  = 0.9339

Collapse: err ~ a0 + a1 * (C_T/T)
alpha_opt = 8.696386
a0 = 0.065521
a1 = 14.656279
R^2  = 0.9339
